Ejercicio 6
Aplique el algoritmo BuildHeap, para construir una min-heap en tiempo lineal, con los siguientes valores
{150, 80, 40, 10, 70, 110, 30, 120, 140, 60, 50, 130, 100, 20, 90}

150 80 40 10 70 110 30 120 140 60 50 130 100 20 90  =>  tamaño = 15, se empieza filtrando en 15/2 parte entera.
                     
150 80 40 10 70 110 20 120 140 60 50 130 100 30 90 --> 30 * 20

150 80 40 10 70 100 20 120 140 60 50 130 110 30 90 --> 110 * 100

150 80 40 10 50 100 20 120 140 60 70 130 110 30 90 --> 70 * 50

150 80 40 10 50 100 20 120 140 60 70 130 110 30 90 --> 10 no hace nada

150 80 20 10 50 100 40 120 140 60 70 130 110 30 90 --> 40 * 20
150 80 20 10 50 100 30 120 140 60 70 130 110 40 90 --> 40 * 30

150 10 20 80 50 100 30 120 140 60 70 130 110 40 90 --> 80 * 10

10 150 20 80 50 100 30 120 140 60 70 130 110 40 90 --> 150 * 10

10 50 20 80 150 100 30 120 140 60 70 130 110 40 90 --> 150 * 50

10 50 20 80 60 100 30 120 140 150 70 130 110 40 90 --> 150 * 60
