6, 4, 15, 2, 10, 11, 8, 1, 13, 7, 9, 12, 5, 3, 14

insert 6 = 6 

insert 4 = 6 4 
	percolateUp = 4 6

insert 15 = 4 6 15 

insert 2 = 4 6 15 2 
	percolateUp = 4 2 15 6 --> 2 4 15 6

insert 10 = 2 4 15 6 10

insert 11 = 2 4 15 6 10 11 
	percolateUp = 2 4 11 6 10 15

insert 8 = 2 4 11 6 10 15 8 
	percolateUp = 2 4 8 6 10 15 11

insert 1 = 2 4 8 6 10 15 11 1 
	percolateUp = 2 4 8 1 10 15 11 6 --> 2 1 8 4 10 15 11 6 --> 1 2 8 4 10 15 11 6


insert 13 = 1 2 8 4 10 15 11 6 13

insert 7 = 1 2 8 4 10 15 11 6 13 7 --> 1 2 8 4 7 15 11 6 13 10

insert 9 = 1 2 8 4 7 15 11 6 13 10 9

insert 12 = 1 2 8 4 7 15 11 6 13 10 9 12 --> 1 2 8 4 7 12 11 6 13 10 9 15

insert 5 = 1 2 8 4 7 12 11 6 13 10 9 15 5 --> 1 2 8 4 7 5 11 6 13 10 9 15 12 --> 1 2 5 4 7 8 11 6 13 10 9 15 12

insert 3 = 1 2 5 4 7 8 11 6 13 10 9 15 12 3 --> 1 2 5 4 7 8 3 6 13 10 9 15 12 11 --> 1 2 3 4 7 8 5 6 13 10 9 15 12 11

insert 14 = [1 2 3 4 7 8 5 6 13 10 9 15 12 11 14]
