Ejercicio 7
Aplique el algoritmo HeapSort, para ordenar descendentemente los siguientes elementos:
{15, 18, 40, 1, 7, 10, 33, 2, 140, 500, 11, 12, 13, 90}

Creo la MinHeap: 
insert 15 = 15
insert 18 = 15 18
insert 40 = 15 18 40
insert 1 = 15 18 40 1 --> 15 1 40 18 --> 1 15 40 18
insert 7 = 1 15 40 18 7 --> 1 7 40 18 15
insert 10 = 1 7 40 18 15 10 --> 1 7 10 18 15 40
insert 33 = 1 7 10 18 15 40 33
insert 2 = 1 7 10 18 15 40 33 2 --> 1 7 10 2 15 40 33 18 --> 1 2 10 7 15 40 33 18
insert 140 = 1 2 10 7 15 40 33 18 140
insert 500 = 1 2 10 7 15 40 33 18 140 500
insert 11 = 1 2 10 7 15 40 33 18 140 500 11 --> 1 2 10 7 11 40 33 18 140 500 15
insert 12 = 1 2 10 7 11 40 33 18 140 500 15 12 --> 1 2 10 7 11 12 33 18 140 500 15 40
insert 13 = 1 2 10 7 11 12 33 18 140 500 15 40 13 
insert 90 = [1 2 10 7 11 12 33 18 140 500 15 40 13 90]

Aplico HeapSort: 

intercambio y reduzco tamaño: [90 2 10 7 11 12 33 18 140 500 15 40 13 | 1]
filtro: [2 90 10 7 11 12 33 18 140 500 15 40 13 | 1] --> [2 7 10 90 11 12 33 18 140 500 15 40 13 | 1]
--> [2 7 10 18 11 12 33 90 140 500 15 40 13 | 1]

intercambio y reduzco tamaño: [13 7 10 18 11 12 33 90 140 500 15 40 | 2 1]
filtro: [7 13 10 18 11 12 33 90 140 500 15 40 | 2 1] --> [7 11 10 18 13 12 33 90 140 500 15 40 | 2 1]

intercambio y reduzco tamaño: [40 11 10 18 13 12 33 90 140 500 15 | 7 2 1]
